function [A] = Matrix_3()
    A = [ 5 1 1 1; 1 -11 -5 2; 2 3 12 -3; 1 2 -6 10];
end