n =

    10


r =

   1.8348e-09


t =

   5.8147e-05


n =

    20


r =

   1.0e-07 *

    0.0183    0.4930


t =

   7.0608e-05


n =

    40


r =

   1.0e-04 *

    0.0000    0.0005    0.1548


t =

   2.3146e-04


n =

    80


r =

   1.0e-04 *

    0.0000    0.0005    0.1548    0.0179


t =

   0.00092243


n =

   160


r =

   1.0e-04 *

    0.0000    0.0005    0.1548    0.0179    0.0058


t =

    0.0072


n =

   320


r =

   1.0e-04 *

    0.0000    0.0005    0.1548    0.0179    0.0058    0.0083


t =

    0.0520


n =

   640


r =

   1.0e-04 *

    0.0000    0.0005    0.1548    0.0179    0.0058    0.0083    0.0035


t =

    0.6813


n =

        1280


r =

   1.0e-04 *

    0.0000    0.0005    0.1548    0.0179    0.0058    0.0083    0.0035    0.0041


t =

    9.9240


n =

        1920


r =

   1.0e-04 *

  Columns 1 through 8

    0.0000    0.0005    0.1548    0.0179    0.0058    0.0083    0.0035    0.0041

  Column 9

    0.1007


t =

   34.8913


n =

        2560


r =

   1.0e-04 *

  Columns 1 through 8

    0.0000    0.0005    0.1548    0.0179    0.0058    0.0083    0.0035    0.0041

  Columns 9 through 10

    0.1007    0.0105


t =

  159.0515


n =

        3200


r =

   1.0e-04 *

  Columns 1 through 8

    0.0000    0.0005    0.1548    0.0179    0.0058    0.0083    0.0035    0.0041

  Columns 9 through 11

    0.1007    0.0105    0.0062


t =

  170.8698


n =

        3840


r =

   1.0e-04 *

  Columns 1 through 8

    0.0000    0.0005    0.1548    0.0179    0.0058    0.0083    0.0035    0.0041

  Columns 9 through 12

    0.1007    0.0105    0.0062    0.0269


t =

  421.2050


ans =

   1.0e-04 *

  Columns 1 through 8

    0.0000    0.0005    0.1548    0.0179    0.0058    0.0083    0.0035    0.0041

  Columns 9 through 12

    0.1007    0.0105    0.0062    0.0269