n =

    10


r =

   1.8310e-15


t =

    0.0050


n =

    20


r =

   1.0e-14 *

    0.1831    0.2512


t =

   1.6840e-04


n =

    40


r =

   1.0e-14 *

    0.1831    0.2512    0.7589


t =

   5.4938e-04


n =

    80


r =

   1.0e-13 *

    0.0183    0.0251    0.0759    0.1335


t =

    0.0017


n =

   160


r =

   1.0e-13 *

    0.0183    0.0251    0.0759    0.1335    0.4436


t =

    0.0087


n =

   320


r =

   1.0e-12 *

    0.0018    0.0025    0.0076    0.0134    0.0444    0.1416


t =

    0.0471


n =

   640


r =

   1.0e-12 *

    0.0018    0.0025    0.0076    0.0134    0.0444    0.1416    0.3124


t =

    0.6033


n =

        1280


r =

   1.0e-12 *

    0.0018    0.0025    0.0076    0.0134    0.0444    0.1416    0.3124    0.9566


t =

    9.6370


n =

        1920


r =

   1.0e-11 *

  Columns 1 through 8

    0.0002    0.0003    0.0008    0.0013    0.0044    0.0142    0.0312    0.0957

  Column 9

    0.1919


t =

   34.8817


n =

        2560


r =

   1.0e-11 *

  Columns 1 through 8

    0.0002    0.0003    0.0008    0.0013    0.0044    0.0142    0.0312    0.0957

  Columns 9 through 10

    0.1919    0.2817


t =

  154.9106


n =

        3200


r =

   1.0e-11 *

  Columns 1 through 8

    0.0002    0.0003    0.0008    0.0013    0.0044    0.0142    0.0312    0.0957

  Columns 9 through 11

    0.1919    0.2817    0.4201


t =

  171.4815


n =

        3840


r =

   1.0e-11 *

  Columns 1 through 8

    0.0002    0.0003    0.0008    0.0013    0.0044    0.0142    0.0312    0.0957

  Columns 9 through 12

    0.1919    0.2817    0.4201    0.5473


t =

  400.8918


ans =

   1.0e-11 *

  Columns 1 through 8

    0.0002    0.0003    0.0008    0.0013    0.0044    0.0142    0.0312    0.0957

  Columns 9 through 12

    0.1919    0.2817    0.4201    0.5473