n =

    10


r =

   1.2323e-12


t =

   6.0753e-04


n =

    20


r =

   1.0e-10 *

    0.0123    0.1172


t =

   1.8464e-04


n =

    40


r =

   1.0e-10 *

    0.0123    0.1172    0.5060


t =

   3.0546e-04


n =

    80


r =

   1.0e-10 *

    0.0123    0.1172    0.5060    0.3958


t =

    0.0011


n =

   160


r =

   1.0e-08 *

    0.0001    0.0012    0.0051    0.0040    0.1540


t =

    0.0072


n =

   320


r =

   1.0e-07 *

    0.0000    0.0001    0.0005    0.0004    0.0154    0.2293


t =

    0.0437


n =

   640


r =

   1.0e-06 *

    0.0000    0.0000    0.0001    0.0000    0.0015    0.0229    0.3523


t =

    0.6650


n =

        1280


r =

   1.0e-05 *

    0.0000    0.0000    0.0000    0.0000    0.0002    0.0023    0.0352    0.1835


t =

    9.7780


n =

        1920


r =

   1.0e-05 *

  Columns 1 through 8

    0.0000    0.0000    0.0000    0.0000    0.0002    0.0023    0.0352    0.1835

  Column 9

    0.4945


t =

   36.2052


n =

        2560


r =

   1.0e-05 *

  Columns 1 through 8

    0.0000    0.0000    0.0000    0.0000    0.0002    0.0023    0.0352    0.1835

  Columns 9 through 10

    0.4945    0.7497


t =

  157.4237


n =

        3200


r =

   1.0e-04 *

  Columns 1 through 8

    0.0000    0.0000    0.0000    0.0000    0.0000    0.0002    0.0035    0.0184

  Columns 9 through 11

    0.0494    0.0750    0.1501


t =

  172.4699


n =

        3840


r =

   1.0e-04 *

  Columns 1 through 8

    0.0000    0.0000    0.0000    0.0000    0.0000    0.0002    0.0035    0.0184

  Columns 9 through 12

    0.0494    0.0750    0.1501    0.1893


t =

  412.9059


ans =

   1.0e-04 *

  Columns 1 through 8

    0.0000    0.0000    0.0000    0.0000    0.0000    0.0002    0.0035    0.0184

  Columns 9 through 12

    0.0494    0.0750    0.1501    0.1893
